10 0 0 2 -200 200
10 0 -300 2 -400 -200
10 0 300 2 200 400
10 0 -300 2 -400 0
10 0 300 2 0 400
1 0 0 0 0 0
2 0 0 0 0 0
3 0 0 0 0 0
4 0 0 0 0 0
5 0 0 0 0 0
6 0 0 0 0 0
6 +0 +0 0 0 0
6 +200 +200 0 0 0
6 +200 -200 0 0 0
6 -200 -200 0 0 0
6 -200 +200 0 0 0
10 0 0 0 0 0
9 0 0 0 0 0
9 0 0 0 0 0
11 0 0 0 0 0
2 +100 +100 0 0 0
3 -100 +100 0 0 0
4 -100 -100 0 0 0
5 +100 -100 0 0 0
6 +200 +200 0 0 0
10 0 0 2 -100 100
3 30 50 0 0 0
4 +100 +100 0 0 0
5 -100 +100 0 0 0
1 -100 -100 0 0 0
2 +100 -100 0 0 0
6 +200 +200 0 0 0
10 0 0 2 -200 200
10 0 -300 2 -400 -200
10 0 300 2 200 400
10 0 -300 2 -400 0
10 0 300 2 0 400
1 -222 +222 1 -300 400
2 -200 -200 1 -400 400
3 +200 -200 1 -400 400
4 +300 +300 0 0 0
5 -300 +300 1 -400 400
6 -300 -300 1 -400 400
1 +300 -300 2 -400 400
2 +400 +400 2 -600 600
3 -400 +400 0 0 0
4 -400 -400 2 -500 500
5 +400 -400 2 -550 550
6 +500 +500 2 -600 600
1 -500 +500 1 -600 600
2 -500 -500 0 0 0
3 +500 -500 2 -550 550
4 +600 +600 1 -800 800
5 -600 +600 1 -700 700
6 -600 -600  2 -700 700
1 +600 -600 1 -800 800
1 -300 +300 1 -400 400
2 -200 -300 1 -400 400
3 +100 -100 2 -200 300
4 +600 +600 1 -800 800
5 -600 +600 2 -800 800
6 -600 -600  1 -800 800
1 -500 +500 2 -600 600
2 -500 -500 1 -600 600
3 +500 -500 2 -600 600
4 +600 +600 0 0 0
5 -600 +600 2 -800 800
6 -600 -600  1 -800 800
1 -200 +200 1 -600 600
2 -200 -200 1 -600 600
3 +200 -200 2 -600 600
4 +200 +200 1 -800 800
5 -300 +300 1 -600 600
6 -300 -300  0 0 0
1 -500 +500 2 -600 600
2 -500 -500 1 -600 600
3 +450 -450 1 -600 600
4 +650 +650 2 -800 800
5 -450 +400 1 -800 800
6 -600 -600  1 -800 800
1 -400 +400 2 -600 600
2 -500 -500 1 -600 600
3 +500 -500 1 -600 600
4 +750 +750 2 -800 800
5 -600 +600 1 -800 800
6 -600 -600  0 0 0
1 -500 +500 1 -600 600
2 -500 -500 2 -600 600
3 +510 -510 1 -600 600
4 +640 +640 1 -800 800
5 -670 +670 2 -800 800
6 -690 -690  1 -800 800
1 -580 +580 1 -650 650
2 -500 -500 2 -600 600
3 +500 -500 1 -600 600
4 +600 +600 1 -800 800
5 -700 +700 1 -800 800
6 -500 +300  0 0 0
1 -500 +500 1 -600 600
2 -500 -500 1 -600 600
3 +500 -500 1 -600 600
4 +666 +670 2 -800 800
5 -600 +600 2 -800 800
6 -654 -613  2 -800 800
1 -500 +500 1 -600 600
2 -555 -545 1 -600 600
3 +500 -500 1 -600 600
4 +441 +561 1 -800 800
5 -444 +234 2 -800 800
6 -600 -600  2 -800 800
1 -555 +444 1 -600 600
2 -500 -500 1 -600 600
3 +333 -444 1 -500 500
4 +250 +400 2 -500 500
5 -400 +500 2 -800 800
6 -300 -100  0 0 0

